0,0,1.056,0,0
0,0,1.02002,0.273313,0
0,0,0.914523,0.528,0
0,0,0.746705,0.746705,0
0,0,0.528,0.914523,0
0,0,0.273313,1.02002,0
0,0,6.46614e-17,1.056,0
0,0,-0.273313,1.02002,0
0,0,-0.528,0.914523,0
0,0,-0.746705,0.746705,0
0,0,-0.914523,0.528,0
0,0,-1.02002,0.273313,0
0,0,-1.056,1.29323e-16,0
0,0,-1.02002,-0.273313,0
0,0,-0.914523,-0.528,0
0,0,-0.746705,-0.746705,0
0,0,-0.528,-0.914523,0
0,0,-0.273313,-1.02002,0
0,0,-1.93984e-16,-1.056,0
0,0,0.273313,-1.02002,0
0,0,0.528,-0.914523,0
0,0,0.746705,-0.746705,0
0,0,0.914523,-0.528,0
0,0,1.02002,-0.273313,0
0,0,1.056,0,0.211
0,0,1.02002,0.273313,0.211
0,0,0.914523,0.528,0.211
0,0,0.746705,0.746705,0.211
0,0,0.528,0.914523,0.211
0,0,0.273313,1.02002,0.211
0,0,6.46614e-17,1.056,0.211
0,0,-0.273313,1.02002,0.211
0,0,-0.528,0.914523,0.211
0,0,-0.746705,0.746705,0.211
0,0,-0.914523,0.528,0.211
0,0,-1.02002,0.273313,0.211
0,0,-1.056,1.29323e-16,0.211
0,0,-1.02002,-0.273313,0.211
0,0,-0.914523,-0.528,0.211
0,0,-0.746705,-0.746705,0.211
0,0,-0.528,-0.914523,0.211
0,0,-0.273313,-1.02002,0.211
0,0,-1.93984e-16,-1.056,0.211
0,0,0.273313,-1.02002,0.211
0,0,0.528,-0.914523,0.211
0,0,0.746705,-0.746705,0.211
0,0,0.914523,-0.528,0.211
0,0,1.02002,-0.273313,0.211
0,0,1.056,0,-0.211
0,0,1.02002,0.273313,-0.211
0,0,0.914523,0.528,-0.211
0,0,0.746705,0.746705,-0.211
0,0,0.528,0.914523,-0.211
0,0,0.273313,1.02002,-0.211
0,0,6.46614e-17,1.056,-0.211
0,0,-0.273313,1.02002,-0.211
0,0,-0.528,0.914523,-0.211
0,0,-0.746705,0.746705,-0.211
0,0,-0.914523,0.528,-0.211
0,0,-1.02002,0.273313,-0.211
0,0,-1.056,1.29323e-16,-0.211
0,0,-1.02002,-0.273313,-0.211
0,0,-0.914523,-0.528,-0.211
0,0,-0.746705,-0.746705,-0.211
0,0,-0.528,-0.914523,-0.211
0,0,-0.273313,-1.02002,-0.211
0,0,-1.93984e-16,-1.056,-0.211
0,0,0.273313,-1.02002,-0.211
0,0,0.528,-0.914523,-0.211
0,0,0.746705,-0.746705,-0.211
0,0,0.914523,-0.528,-0.211
0,0,1.02002,-0.273313,-0.211
0,0,1.056,0,0.422
0,0,1.02002,0.273313,0.422
0,0,0.914523,0.528,0.422
0,0,0.746705,0.746705,0.422
0,0,0.528,0.914523,0.422
0,0,0.273313,1.02002,0.422
0,0,6.46614e-17,1.056,0.422
0,0,-0.273313,1.02002,0.422
0,0,-0.528,0.914523,0.422
0,0,-0.746705,0.746705,0.422
0,0,-0.914523,0.528,0.422
0,0,-1.02002,0.273313,0.422
0,0,-1.056,1.29323e-16,0.422
0,0,-1.02002,-0.273313,0.422
0,0,-0.914523,-0.528,0.422
0,0,-0.746705,-0.746705,0.422
0,0,-0.528,-0.914523,0.422
0,0,-0.273313,-1.02002,0.422
0,0,-1.93984e-16,-1.056,0.422
0,0,0.273313,-1.02002,0.422
0,0,0.528,-0.914523,0.422
0,0,0.746705,-0.746705,0.422
0,0,0.914523,-0.528,0.422
0,0,1.02002,-0.273313,0.422
0,0,1.056,0,-0.422
0,0,1.02002,0.273313,-0.422
0,0,0.914523,0.528,-0.422
0,0,0.746705,0.746705,-0.422
0,0,0.528,0.914523,-0.422
0,0,0.273313,1.02002,-0.422
0,0,6.46614e-17,1.056,-0.422
0,0,-0.273313,1.02002,-0.422
0,0,-0.528,0.914523,-0.422
0,0,-0.746705,0.746705,-0.422
0,0,-0.914523,0.528,-0.422
0,0,-1.02002,0.273313,-0.422
0,0,-1.056,1.29323e-16,-0.422
0,0,-1.02002,-0.273313,-0.422
0,0,-0.914523,-0.528,-0.422
0,0,-0.746705,-0.746705,-0.422
0,0,-0.528,-0.914523,-0.422
0,0,-0.273313,-1.02002,-0.422
0,0,-1.93984e-16,-1.056,-0.422
0,0,0.273313,-1.02002,-0.422
0,0,0.528,-0.914523,-0.422
0,0,0.746705,-0.746705,-0.422
0,0,0.914523,-0.528,-0.422
0,0,1.02002,-0.273313,-0.422
